   6.28318563E-02   0.00000000    
  0.125663713       5.51490970E-02
  0.188495576       7.70516619E-02
  0.251327425      0.109837949    
  0.314159274      0.140624583    
  0.376991153      0.177445829    
  0.439823002      0.225405723    
  0.502654850      0.276285946    
  0.565486729      0.339252353    
  0.628318548      0.412948102    
  0.691150427      0.522817433    
  0.753982306      0.656843603    
  0.816814125      0.850977182    
  0.879646003       1.20310545    
  0.942477822       1.82223284    
   1.00530970       3.33774281    
   1.06814158       5.48869610    
   1.13097346       3.14917231    
   1.19380522       1.89051473    
   1.25663710       1.34444654    
   1.31946898       1.05847168    
   1.38230085      0.872791111    
   1.44513273      0.748150110    
   1.50796461      0.657033563    
   1.57079637      0.586227953    
   1.63362825      0.528538585    
   1.69646013      0.482522845    
   1.75929201      0.447353482    
   1.82212389      0.415556431    
   1.88495564      0.388530463    
   1.94778752      0.365266889    
   2.01061940      0.344626427    
   2.07345128      0.326318502    
   2.13628316      0.310897946    
   2.19911504      0.297335327    
   2.26194692      0.284308374    
   2.32477880      0.271989882    
   2.38761044      0.261837751    
   2.45044231      0.251524687    
   2.51327419      0.243058801    
   2.57610607      0.234007940    
   2.63893795      0.226559550    
   2.70176983      0.219547838    
   2.76460171      0.213045478    
   2.82743359      0.206179515    
   2.89026546      0.200393915    
   2.95309734      0.194786444    
   3.01592922      0.189183667    
   3.07876086      0.184523657    
   3.14159274      0.179775938    
